6 0.489913 0.131304 0.386087 0.262608
6 0.168435 0.108696 0.336870 0.217391
6 0.095130 0.250435 0.146087 0.160000
6 0.326435 0.293913 0.361739 0.153043
6 0.709043 0.396522 0.278261 0.253913
6 0.516870 0.379130 0.224348 0.139130
6 0.287304 0.483478 0.401739 0.288696
6 0.059739 0.479130 0.119478 0.140870
6 0.199478 0.657391 0.191304 0.166957
6 0.372522 0.688696 0.189565 0.118261
6 0.277739 0.829565 0.194783 0.173913
6 0.474261 0.822609 0.111304 0.153043
6 0.547304 0.706087 0.177391 0.222609
6 0.651652 0.525217 0.299130 0.194783
6 0.789913 0.692174 0.311304 0.240000
6 0.759478 0.867826 0.372174 0.069565
6 0.322087 0.944348 0.241739 0.083478