6 0.144696 0.302609 0.116522 0.267826
6 0.275130 0.280870 0.116522 0.241739
6 0.399478 0.289565 0.163478 0.213913
6 0.517739 0.323478 0.104348 0.208696
6 0.585565 0.308696 0.114783 0.224348
6 0.661217 0.297391 0.109565 0.243478
6 0.737739 0.301739 0.102609 0.189565
6 0.122087 0.530435 0.092174 0.281739
6 0.228174 0.559130 0.095652 0.280000
6 0.336000 0.526957 0.109565 0.288696
6 0.437739 0.487826 0.100870 0.259130
6 0.517739 0.514783 0.104348 0.201739
6 0.589043 0.510435 0.076522 0.126957
6 0.676870 0.509565 0.133913 0.184348
6 0.735130 0.469565 0.097391 0.118261
6 0.816000 0.501739 0.161739 0.231304