6 0.614261 0.115652 0.116522 0.179130
6 0.814261 0.248696 0.158261 0.219130
6 0.758609 0.420000 0.133913 0.071304
6 0.561217 0.340000 0.111304 0.120000
6 0.315130 0.165217 0.088696 0.132174
5 0.132522 0.332174 0.126957 0.135652
6 0.329043 0.419130 0.074783 0.066087
6 0.494261 0.448696 0.053913 0.073043
6 0.491652 0.617391 0.055652 0.073043
6 0.726435 0.607826 0.062609 0.137391
6 0.705565 0.827826 0.062609 0.080000
6 0.614261 0.780870 0.060870 0.083478
6 0.402087 0.656522 0.071304 0.109565
6 0.491652 0.833043 0.114783 0.149565
6 0.405565 0.894783 0.043478 0.053913
6 0.540348 0.929565 0.052174 0.057391
6 0.616870 0.960870 0.052174 0.078260