6 0.162087 0.658783 0.161739 0.264348
6 0.392522 0.658783 0.118261 0.125217
6 0.321217 0.477913 0.121739 0.267826
6 0.542087 0.385739 0.083478 0.114783
6 0.472522 0.230957 0.083478 0.118261
6 0.682087 0.357913 0.057391 0.073043
6 0.761217 0.267478 0.045217 0.114783
6 0.698609 0.467478 0.062609 0.104348
6 0.599478 0.581391 0.052174 0.064348
6 0.496000 0.592696 0.064348 0.076522
6 0.416000 0.872696 0.064348 0.073043
6 0.526435 0.751826 0.052174 0.043478
6 0.774261 0.858783 0.067826 0.121739
6 0.781217 0.604000 0.102609 0.140870