6 0.182087 0.240522 0.149565 0.255652
6 0.390783 0.173565 0.160000 0.219130
6 0.433391 0.043304 0.123478 0.086608
6 0.739478 0.054609 0.102609 0.109217
6 0.749913 0.246609 0.363478 0.149565
6 0.430783 0.433565 0.427826 0.297391
6 0.168174 0.815304 0.104348 0.160000
6 0.288174 0.765739 0.166957 0.172174
6 0.383826 0.658783 0.121739 0.166957
6 0.521217 0.784870 0.142609 0.137391
6 0.359478 0.915304 0.066087 0.161739
6 0.538609 0.918957 0.187826 0.162086
6 0.826435 0.871826 0.165217 0.217391
6 0.756000 0.624000 0.156522 0.278261