6 0.135130 0.226087 0.118261 0.347826
6 0.252522 0.264348 0.078261 0.274783
6 0.370783 0.270435 0.102609 0.262609
6 0.476000 0.271304 0.076522 0.260870
6 0.587304 0.271304 0.086957 0.274783
6 0.697739 0.275652 0.088696 0.255652
6 0.809913 0.286957 0.090435 0.229565
6 0.923826 0.304348 0.085217 0.205217
6 0.137739 0.706087 0.210435 0.500870
6 0.321217 0.751304 0.093913 0.393043
6 0.462087 0.753043 0.107826 0.393043
6 0.616000 0.766087 0.092174 0.384348
6 0.770783 0.759130 0.126957 0.366957
6 0.932522 0.781739 0.095652 0.328696