6 0.838090 0.731915 0.194575 0.151112
6 0.938325 0.682593 0.097877 0.102840
6 0.757311 0.565062 0.051887 0.144816
6 0.849882 0.443333 0.057783 0.186791
6 0.740212 0.359382 0.116745 0.111235
6 0.658844 0.383518 0.083726 0.243458
6 0.535613 0.296419 0.181604 0.140618
6 0.544458 0.156850 0.154481 0.104939
6 0.361085 0.113825 0.174528 0.115433
6 0.195991 0.114875 0.172170 0.151112
6 0.151769 0.296419 0.074292 0.262347
6 0.241981 0.498951 0.143868 0.159507
6 0.477830 0.431790 0.172170 0.201482
6 0.563915 0.642717 0.219340 0.241359
6 0.625825 0.817965 0.251179 0.298026
6 0.879953 0.923674 0.181604 0.152652
6 0.318632 0.772841 0.235849 0.199384
6 0.083255 0.700433 0.166509 0.167902
6 0.122288 0.526235 0.107311 0.117531
6 0.229009 0.384567 0.051887 0.140618
6 0.305071 0.240801 0.145047 0.197285
6 0.420637 0.650062 0.156840 0.277038
6 0.302123 0.618581 0.188679 0.151112
6 0.312146 0.864138 0.156840 0.197285
6 0.067335 0.840002 0.134670 0.203581
6 0.082193 0.275431 0.114387 0.123828
6 0.047406 0.120122 0.082547 0.220371